4 0.66796875 0.4125 0.0421875 0.040625
4 0.71484375 0.42734375 0.0515625 0.0671875
4 0.63515625 0.5625 0.0484375 0.14375
4 0.38125 0.68125 0.359375 0.134375
4 0.9375 0.43359375 0.084375 0.2640625
4 0.446875 0.34140625 0.034375 0.0796875
4 0.59609375 0.57109375 0.0234375 0.0359375
4 0.61015625 0.51171875 0.0234375 0.0359375
4 0.628125 0.43046875 0.05625 0.1171875
4 0.75390625 0.50234375 0.0390625 0.0421875
4 0.3046875 0.32734375 0.034375 0.0671875
4 0.3375 0.33984375 0.03125 0.0828125
4 0.41796875 0.3234375 0.0328125 0.046875