4 0.69296875 0.51484375 0.1921875 0.4359375
1 0.7140625 0.4453125 0.30625 0.615625
4 0.6046875 0.628125 0.025 0.15625
4 0.2578125 0.2796875 0.05625 0.05
4 0.03984375 0.51171875 0.0796875 0.9765625
4 0.1109375 0.86875 0.125 0.24375
4 0.1734375 0.140625 0.06875 0.25
4 0.321875 0.096875 0.071875 0.178125
4 0.496875 0.2359375 0.071875 0.471875
4 0.4515625 0.04765625 0.028125 0.0921875
4 0.6140625 0.1390625 0.059375 0.278125
4 0.821875 0.2484375 0.0625 0.496875
3 0.8859375 0.91640625 0.121875 0.1359375
3 0.946875 0.30859375 0.05625 0.0984375
4 0.91015625 0.0671875 0.0328125 0.134375
4 0.121875 0.6171875 0.096875 0.23125
4 0.06796875 0.440625 0.0296875 0.059375
4 0.1046875 0.275 0.0375 0.034375
3 0.43359375 0.825 0.0921875 0.1
3 0.5828125 0.859375 0.103125 0.1875
4 0.18515625 0.496875 0.0828125 0.45625
4 0.17421875 0.8765625 0.1890625 0.246875