4 0.69296875 0.5046875 0.2140625 0.44375
1 0.71015625 0.43359375 0.3359375 0.6265625
4 0.61171875 0.62265625 0.0328125 0.1578125
4 0.24609375 0.29296875 0.0578125 0.0515625
4 0.05390625 0.52421875 0.1078125 0.9515625
4 0.1296875 0.88125 0.1375 0.2375
4 0.1546875 0.15859375 0.08125 0.2515625
4 0.30078125 0.10625 0.0796875 0.18125
4 0.48359375 0.2359375 0.0953125 0.471875
4 0.42734375 0.05078125 0.0328125 0.0921875
4 0.5953125 0.13671875 0.075 0.2734375
4 0.80703125 0.240625 0.0890625 0.48125
3 0.90625 0.8953125 0.128125 0.140625
3 0.93515625 0.2859375 0.0609375 0.1
4 0.8859375 0.05703125 0.040625 0.1140625
4 0.12890625 0.6359375 0.1078125 0.234375
4 0.06484375 0.46328125 0.0328125 0.0609375
4 0.09296875 0.29609375 0.0390625 0.0359375
3 0.45 0.82890625 0.096875 0.1046875
3 0.6015625 0.85546875 0.1125 0.1921875
4 0.1859375 0.51328125 0.10625 0.4578125
4 0.19453125 0.8828125 0.2015625 0.234375