2 0.74453125 0.70703125 0.0359375 0.0296875
2 0.8828125 0.76953125 0.071875 0.0921875
4 0.9671875 0.74296875 0.021875 0.0203125
4 0.93515625 0.75234375 0.0234375 0.0390625
4 0.92890625 0.8171875 0.0609375 0.01875
4 0.81953125 0.75625 0.0140625 0.03125
4 0.80234375 0.7265625 0.0171875 0.009375
4 0.77265625 0.7296875 0.0109375 0.0125
3 0.87734375 0.71015625 0.0390625 0.0546875
3 0.78515625 0.77734375 0.0609375 0.0640625
4 0.884375 0.81015625 0.021875 0.0234375
3 0.26953125 0.6734375 0.0296875 0.125
1 0.16875 0.590625 0.15625 0.096875
3 0.1328125 0.79296875 0.053125 0.0328125
0 0.22265625 0.47265625 0.2109375 0.1515625