2 0.75859375 0.31015625 0.0390625 0.0328125
2 0.9 0.2578125 0.078125 0.096875
4 0.98359375 0.290625 0.0234375 0.021875
4 0.95234375 0.2796875 0.0265625 0.040625
4 0.95 0.21328125 0.0625 0.0234375
4 0.8375 0.26640625 0.015625 0.0328125
4 0.81640625 0.29609375 0.0171875 0.0109375
4 0.7890625 0.290625 0.0125 0.0125
3 0.89140625 0.31640625 0.0421875 0.0578125
3 0.8046875 0.24375 0.065625 0.06875
4 0.90390625 0.2171875 0.0234375 0.025
3 0.2828125 0.31171875 0.0375 0.1265625
1 0.175 0.38828125 0.1625 0.1078125
3 0.15390625 0.18203125 0.0546875 0.0359375
0 0.2203125 0.50234375 0.215625 0.1453125