2 0.75078125 0.3015625 0.0390625 0.03125
2 0.8921875 0.24453125 0.075 0.0953125
4 0.975 0.27421875 0.021875 0.0203125
4 0.94375 0.26328125 0.025 0.0390625
4 0.93984375 0.19765625 0.0609375 0.0203125
4 0.828125 0.2546875 0.015625 0.03125
4 0.809375 0.2859375 0.015625 0.009375
4 0.78046875 0.2796875 0.0109375 0.0125
3 0.884375 0.303125 0.040625 0.05625
3 0.7953125 0.2328125 0.0625 0.065625
4 0.89453125 0.203125 0.0234375 0.025
3 0.2765625 0.31953125 0.034375 0.1265625
1 0.171875 0.39921875 0.159375 0.1015625
3 0.14296875 0.1953125 0.0546875 0.034375
0 0.22109375 0.515625 0.2140625 0.146875