4 0.26796875 0.8890625 0.3140625 0.221875
4 0.11328125 0.5109375 0.0203125 0.503125
4 0.15078125 0.4265625 0.0265625 0.053125
4 0.1859375 0.48046875 0.0125 0.0296875
4 0.1515625 0.21171875 0.009375 0.0234375
4 0.1875 0.65859375 0.028125 0.0859375
4 0.2125 0.51640625 0.009375 0.0453125
4 0.25 0.54453125 0.009375 0.1265625
4 0.26484375 0.53828125 0.0140625 0.0953125
4 0.2359375 0.7984375 0.025 0.04375
4 0.29296875 0.4265625 0.0140625 0.075
4 0.29296875 0.29765625 0.0140625 0.0171875
4 0.30078125 0.51171875 0.0140625 0.0359375
4 0.31171875 0.55234375 0.0265625 0.0359375
4 0.34296875 0.57265625 0.0265625 0.0578125
4 0.365625 0.509375 0.025 0.034375
4 0.384375 0.52734375 0.009375 0.0171875
4 0.44375 0.47265625 0.021875 0.0546875
4 0.4046875 0.90859375 0.0125 0.0265625
4 0.41796875 0.92890625 0.0296875 0.0171875
4 0.42421875 0.9734375 0.0265625 0.025
4 0.52890625 0.9 0.0296875 0.2
4 0.5109375 0.55703125 0.0125 0.0359375
4 0.53359375 0.3703125 0.0171875 0.240625
4 0.46015625 0.23046875 0.0109375 0.0796875
4 0.51171875 0.28828125 0.0171875 0.0359375
4 0.4984375 0.321875 0.009375 0.025
4 0.534375 0.53828125 0.009375 0.0671875
4 0.5265625 0.71171875 0.025 0.2078125
4 0.52734375 0.14765625 0.0703125 0.2578125
4 0.4015625 0.240625 0.009375 0.04375
4 0.35234375 0.35078125 0.0078125 0.0234375
4 0.30625 0.3078125 0.009375 0.01875
4 0.30078125 0.2640625 0.0140625 0.03125
4 0.34765625 0.33046875 0.0078125 0.0109375
4 0.33515625 0.32734375 0.0046875 0.0140625
4 0.3375 0.30390625 0.00625 0.0171875
4 0.303125 0.81328125 0.04375 0.0765625
4 0.26796875 0.8078125 0.0140625 0.034375
4 0.23671875 0.82265625 0.0078125 0.0140625
4 0.57578125 0.39609375 0.0078125 0.0265625
4 0.56328125 0.41640625 0.0046875 0.0578125
4 0.5484375 0.4265625 0.009375 0.121875
4 0.5078125 0.421875 0.009375 0.075