2 0.4046875 0.66328125 0.084375 0.1078125
2 0.24609375 0.66796875 0.1265625 0.1734375
2 0.12265625 0.5875 0.0828125 0.115625
2 0.1640625 0.3609375 0.115625 0.26875
2 0.3796875 0.2703125 0.14375 0.15625
2 0.35625 0.1328125 0.053125 0.0625
2 0.09609375 0.08984375 0.0421875 0.0640625
2 0.19609375 0.028125 0.0171875 0.021875
2 0.4484375 0.059375 0.021875 0.03125
2 0.59921875 0.11875 0.0046875 0.00625
2 0.6609375 0.15 0.009375 0.00625
2 0.8078125 0.20078125 0.196875 0.1796875
2 0.59765625 0.353125 0.0546875 0.096875
2 0.6140625 0.44921875 0.0125 0.0171875
2 0.7359375 0.50234375 0.01875 0.0234375
2 0.74375 0.52265625 0.009375 0.0109375
2 0.7328125 0.54296875 0.009375 0.0140625
2 0.81484375 0.55859375 0.0203125 0.0265625
2 0.9359375 0.6109375 0.021875 0.01875
2 0.93359375 0.3859375 0.0109375 0.0125
2 0.9953125 0.38671875 0.009375 0.0171875
2 0.99375 0.31015625 0.0125 0.0203125
4 0.85625 0.040625 0.06875 0.08125
2 0.7125 0.2390625 0.00625 0.009375
2 0.64921875 0.23671875 0.0046875 0.0046875
2 0.771875 0.77734375 0.0875 0.0796875
2 0.6703125 0.7546875 0.01875 0.021875
2 0.71015625 0.90625 0.0171875 0.025
2 0.79765625 0.8859375 0.0171875 0.075
2 0.58515625 0.76953125 0.0109375 0.0234375
2 0.5453125 0.771875 0.025 0.04375
4 0.2125 0.2796875 0.03125 0.0625
4 0.2546875 0.290625 0.053125 0.090625
4 0.29140625 0.25703125 0.0140625 0.0140625
4 0.228125 0.56640625 0.021875 0.0609375
4 0.25625 0.60546875 0.040625 0.0265625
4 0.3265625 0.55234375 0.04375 0.0359375
4 0.3484375 0.59609375 0.040625 0.0328125
4 0.31875 0.58671875 0.03125 0.0234375
4 0.37109375 0.7890625 0.0734375 0.0625
4 0.98671875 0.6 0.0265625 0.084375
4 0.49375 0.15 0.03125 0.290625