2 0.61796875 0.35234375 0.0984375 0.1171875
2 0.775 0.36953125 0.15 0.1890625
2 0.88671875 0.46640625 0.0984375 0.1265625
2 0.81484375 0.68515625 0.1515625 0.2828125
2 0.58828125 0.7453125 0.1640625 0.175
2 0.59296875 0.884375 0.0609375 0.06875
2 0.84296875 0.9625 0.0515625 0.06875
2 0.48984375 0.9453125 0.0265625 0.034375
2 0.34921875 0.8640625 0.0046875 0.00625
2 0.29296875 0.82421875 0.0109375 0.0078125
2 0.15390625 0.75390625 0.2203125 0.2046875
2 0.38359375 0.6328125 0.0671875 0.103125
2 0.38046875 0.53515625 0.0140625 0.0171875
2 0.2671875 0.46484375 0.021875 0.0265625
2 0.26328125 0.44375 0.0109375 0.0125
2 0.27578125 0.425 0.0109375 0.015625
2 0.19609375 0.39921875 0.0234375 0.0296875
2 0.084375 0.3296875 0.025 0.021875
2 0.0546875 0.55234375 0.0125 0.0140625
2 0.00234375 0.54296875 0.0046875 0.0171875
2 0.00390625 0.61875 0.0078125 0.021875
4 0.08359375 0.90625 0.0796875 0.090625
2 0.25390625 0.73046875 0.0078125 0.0109375
2 0.31640625 0.74140625 0.0046875 0.0046875
2 0.2703125 0.1875 0.096875 0.090625
2 0.3671875 0.225 0.021875 0.025
2 0.34921875 0.06953125 0.0203125 0.0265625
2 0.259375 0.07734375 0.028125 0.0765625
2 0.45390625 0.221875 0.0140625 0.025
2 0.49375 0.225 0.03125 0.046875
4 0.75390625 0.759375 0.0390625 0.065625
4 0.7140625 0.7421875 0.065625 0.096875
4 0.67421875 0.7703125 0.0140625 0.015625
4 0.77890625 0.47265625 0.0296875 0.0640625
4 0.75625 0.43046875 0.04375 0.0328125
4 0.67890625 0.4734375 0.0484375 0.040625
4 0.66484375 0.4265625 0.0453125 0.0375
4 0.6921875 0.4390625 0.034375 0.028125
4 0.66875 0.2328125 0.08125 0.071875
4 0.0328125 0.334375 0.0375 0.0875
4 0.4578125 0.84765625 0.071875 0.2921875