2 0.59921875 0.33984375 0.0859375 0.1078125
2 0.75703125 0.3375 0.1296875 0.175
2 0.8796875 0.41953125 0.084375 0.1171875
2 0.83515625 0.64453125 0.1203125 0.2703125
2 0.6171875 0.7328125 0.146875 0.159375
2 0.63828125 0.87109375 0.0546875 0.0640625
2 0.896875 0.9171875 0.04375 0.065625
2 0.79609375 0.978125 0.0171875 0.021875
2 0.54375 0.9421875 0.021875 0.03125
2 0.3953125 0.8796875 0.003125 0.00625
2 0.3328125 0.846875 0.009375 0.00625
2 0.1875 0.79453125 0.2 0.1828125
2 0.4 0.64609375 0.05625 0.0984375
2 0.3859375 0.55 0.0125 0.015625
2 0.2640625 0.49453125 0.01875 0.0234375
2 0.2578125 0.47421875 0.009375 0.0109375
2 0.26875 0.45390625 0.009375 0.0140625
2 0.18671875 0.43671875 0.0203125 0.0265625
2 0.0671875 0.38125 0.021875 0.01875
2 0.06484375 0.60625 0.0109375 0.0125
2 0.00390625 0.6046875 0.0078125 0.015625
2 0.0046875 0.68046875 0.009375 0.0203125
4 0.13671875 0.95390625 0.0703125 0.0828125
2 0.2828125 0.7578125 0.00625 0.009375
2 0.34609375 0.7625 0.0046875 0.003125
2 0.23359375 0.21875 0.0890625 0.08125
2 0.334375 0.24375 0.01875 0.021875
2 0.29765625 0.090625 0.0171875 0.025
2 0.21015625 0.109375 0.0203125 0.075
2 0.41953125 0.22890625 0.0109375 0.0234375
2 0.459375 0.228125 0.025 0.04375
4 0.78359375 0.7265625 0.0328125 0.0625
4 0.74140625 0.71328125 0.0546875 0.0921875
4 0.70625 0.74765625 0.0125 0.0140625
4 0.77421875 0.43828125 0.0234375 0.0609375
4 0.7453125 0.4 0.040625 0.028125
4 0.675 0.45234375 0.04375 0.0359375
4 0.6546875 0.40625 0.040625 0.034375
4 0.6828125 0.41640625 0.03125 0.0234375
4 0.634375 0.21484375 0.075 0.0640625
4 0.015625 0.3921875 0.028125 0.084375
4 0.50078125 0.85 0.0359375 0.290625