4 0.53515625 0.4625 0.0484375 0.925
4 0.45234375 0.4625 0.0515625 0.925
4 0.3703125 0.46171875 0.04375 0.9234375
4 0.61328125 0.13671875 0.0359375 0.2734375
4 0.6859375 0.12109375 0.03125 0.2421875
4 0.84765625 0.09375 0.0359375 0.153125
4 0.28359375 0.09609375 0.0421875 0.1921875
4 0.20625 0.15625 0.040625 0.3125
3 0.93203125 0.696875 0.0453125 0.084375
3 0.85625 0.73203125 0.05625 0.0640625
3 0.77265625 0.721875 0.0546875 0.071875
4 0.62109375 0.859375 0.0484375 0.128125
4 0.6203125 0.6828125 0.034375 0.10625
4 0.6984375 0.7921875 0.040625 0.2625