4 0.71640625 0.46953125 0.2046875 0.8734375
4 0.825 0.33125 0.053125 0.20625
4 0.846875 0.67890625 0.05625 0.1671875
4 0.865625 0.640625 0.0625 0.24375
4 0.82734375 0.66640625 0.0109375 0.0265625
4 0.81328125 0.66796875 0.0171875 0.0203125
4 0.8328125 0.56796875 0.028125 0.0578125
4 0.81796875 0.471875 0.0234375 0.040625
4 0.815625 0.43203125 0.01875 0.0421875
4 0.8046875 0.440625 0.00625 0.009375
4 0.8453125 0.76875 0.025 0.04375
4 0.8296875 0.76953125 0.0125 0.0203125
4 0.9234375 0.75 0.025 0.028125
4 0.86484375 0.475 0.0703125 0.30625
4 0.890625 0.67734375 0.03125 0.0890625
4 0.82890625 0.228125 0.0140625 0.040625
4 0.84296875 0.33984375 0.0109375 0.0328125
4 0.871875 0.35234375 0.046875 0.1390625
4 0.86484375 0.2734375 0.0046875 0.015625
4 0.8734375 0.26015625 0.009375 0.0171875
4 0.8046875 0.24296875 0.00625 0.0140625
4 0.77734375 0.1703125 0.0296875 0.05
4 0.7265625 0.2046875 0.04375 0.146875
4 0.74921875 0.14609375 0.0265625 0.0703125
4 0.8765625 0.10078125 0.025 0.0296875
4 0.87109375 0.13203125 0.0078125 0.0328125
4 0.85234375 0.1140625 0.0078125 0.0125
4 0.83828125 0.140625 0.0109375 0.028125
4 0.83671875 0.16640625 0.0078125 0.0078125
4 0.90078125 0.29140625 0.0078125 0.0109375
4 0.90546875 0.33203125 0.0046875 0.0109375
4 0.884375 0.31640625 0.015625 0.0609375
4 0.9203125 0.44609375 0.00625 0.0234375
4 0.91328125 0.47421875 0.0078125 0.0109375
4 0.9125 0.4546875 0.009375 0.015625
4 0.92265625 0.6265625 0.0328125 0.0875
4 0.90859375 0.6640625 0.0328125 0.084375
4 0.934375 0.6015625 0.028125 0.09375
4 0.93828125 0.6578125 0.0140625 0.053125
4 0.92578125 0.52109375 0.0265625 0.0703125
4 0.85703125 0.14921875 0.0078125 0.0140625
4 0.8640625 0.1515625 0.00625 0.009375
4 0.809375 0.57265625 0.0375 0.0984375
4 0.76796875 0.5265625 0.0265625 0.0375
4 0.82890625 0.52890625 0.0171875 0.0203125
4 0.77109375 0.33984375 0.0390625 0.0765625
4 0.79609375 0.36484375 0.0453125 0.1296875
4 0.80859375 0.734375 0.0390625 0.1
4 0.79609375 0.75078125 0.0578125 0.1859375
4 0.7875 0.76796875 0.003125 0.0109375
4 0.8859375 0.5515625 0.00625 0.009375
4 0.8859375 0.53984375 0.00625 0.0078125
4 0.896875 0.54609375 0.015625 0.0390625
4 0.8890625 0.51640625 0.009375 0.0203125
4 0.88671875 0.4828125 0.0171875 0.034375
4 0.90390625 0.48203125 0.0046875 0.0078125
4 0.81484375 0.11953125 0.0203125 0.0671875
4 0.825 0.12421875 0.00625 0.0265625
4 0.825 0.18125 0.01875 0.059375
4 0.6078125 0.30234375 0.01875 0.0609375
3 0.69296875 0.8421875 0.0390625 0.04375
3 0.609375 0.31796875 0.046875 0.0984375
4 0.52109375 0.40546875 0.0140625 0.0328125
4 0.5796875 0.36796875 0.103125 0.3890625
4 0.54453125 0.30859375 0.0609375 0.3078125
4 0.0328125 0.51875 0.065625 0.39375
4 0.1890625 0.66484375 0.021875 0.0609375
4 0.1578125 0.70234375 0.0125 0.0171875
4 0.17578125 0.70703125 0.0078125 0.0140625
4 0.1109375 0.6234375 0.0125 0.025
4 0.109375 0.60078125 0.009375 0.0140625
4 0.06328125 0.59453125 0.0109375 0.0203125