4 0.715625 0.5421875 0.21875 0.871875
4 0.86328125 0.44609375 0.0578125 0.2046875
4 0.7703125 0.78203125 0.059375 0.1671875
4 0.80078125 0.75234375 0.0671875 0.2421875
4 0.75546875 0.76328125 0.0109375 0.0265625
4 0.74296875 0.76015625 0.0171875 0.0203125
4 0.7921875 0.67265625 0.028125 0.0578125
4 0.8109375 0.5765625 0.025 0.040625
4 0.82109375 0.53828125 0.0203125 0.0421875
4 0.8078125 0.5421875 0.00625 0.009375
4 0.7390625 0.865625 0.025 0.04375
4 0.725 0.86171875 0.0125 0.0203125
4 0.81953125 0.8734375 0.0265625 0.028125
4 0.853125 0.59375 0.075 0.30625
4 0.81171875 0.79453125 0.0328125 0.0890625
4 0.89921875 0.35 0.0140625 0.040625
4 0.8765625 0.46015625 0.0125 0.0328125
4 0.90078125 0.48203125 0.0484375 0.1390625
4 0.91875 0.4046875 0.00625 0.015625
4 0.93125 0.3953125 0.009375 0.01875
4 0.87265625 0.35546875 0.0078125 0.0140625
4 0.87109375 0.278125 0.0296875 0.05
4 0.8109375 0.29375 0.046875 0.146875
4 0.8515625 0.24609375 0.028125 0.0703125
4 0.98515625 0.24609375 0.0265625 0.0296875
4 0.9703125 0.27265625 0.009375 0.0328125
4 0.95859375 0.25 0.0078125 0.0125
4 0.93828125 0.2703125 0.0109375 0.028125
4 0.92734375 0.29375 0.0078125 0.009375
4 0.94765625 0.43203125 0.0078125 0.0109375
4 0.93828125 0.47421875 0.0046875 0.0109375
4 0.92265625 0.45234375 0.0171875 0.0609375
4 0.91484375 0.58515625 0.0078125 0.0234375
4 0.89921875 0.61015625 0.0078125 0.0109375
4 0.90625 0.5921875 0.009375 0.015625
4 0.85859375 0.75625 0.0328125 0.0875
4 0.8328125 0.7875 0.034375 0.084375
4 0.87890625 0.7375 0.0296875 0.09375
4 0.8625 0.790625 0.015625 0.053125
4 0.8953125 0.65859375 0.028125 0.0703125
4 0.95234375 0.28515625 0.0078125 0.0140625
4 0.9578125 0.2875 0.00625 0.009375
4 0.76953125 0.66953125 0.0390625 0.0984375
4 0.7453125 0.6125 0.028125 0.0375
4 0.80078125 0.63359375 0.0171875 0.0203125
4 0.8078125 0.43671875 0.040625 0.0765625
4 0.8234375 0.46796875 0.046875 0.1296875
4 0.715625 0.821875 0.040625 0.1
4 0.69765625 0.83203125 0.0609375 0.1859375
4 0.684375 0.84609375 0.003125 0.0109375
4 0.8484375 0.675 0.00625 0.009375
4 0.85234375 0.66328125 0.0078125 0.0078125
4 0.8609375 0.67265625 0.015625 0.0390625
4 0.8625 0.64140625 0.009375 0.0203125
4 0.871875 0.609375 0.01875 0.034375
4 0.88828125 0.61328125 0.0046875 0.0078125
4 0.92109375 0.24296875 0.0203125 0.0671875
4 0.9296875 0.24921875 0.00625 0.0265625
4 0.9109375 0.3046875 0.01875 0.059375
4 0.66640625 0.34765625 0.0203125 0.0609375
3 0.57109375 0.8859375 0.0390625 0.04375
3 0.66328125 0.36484375 0.0484375 0.0984375
4 0.55078125 0.41796875 0.0140625 0.0328125
4 0.61796875 0.40078125 0.1109375 0.3890625
4 0.6046875 0.3328125 0.065625 0.30625
4 0.04453125 0.3625 0.0890625 0.39375
4 0.153125 0.55546875 0.021875 0.0609375
4 0.1109375 0.57890625 0.0125 0.0171875
4 0.12578125 0.590625 0.0078125 0.015625
4 0.09140625 0.4890625 0.0140625 0.025
4 0.096875 0.46796875 0.009375 0.0140625
4 0.05703125 0.44765625 0.0109375 0.0203125