4 0.28203125 0.50390625 0.0671875 0.8734375
4 0.153125 0.38359375 0.021875 0.2046875
4 0.1859375 0.73046875 0.03125 0.1640625
4 0.1609375 0.69609375 0.025 0.2421875
4 0.203125 0.71484375 0.00625 0.0265625
4 0.21640625 0.7140625 0.0140625 0.01875
4 0.1828125 0.61875 0.01875 0.05625
4 0.18203125 0.521875 0.0171875 0.0375
4 0.17890625 0.4828125 0.0140625 0.040625
4 0.18984375 0.4890625 0.0046875 0.009375
4 0.2015625 0.81875 0.01875 0.040625
4 0.2171875 0.8171875 0.009375 0.01875
4 0.121875 0.8125 0.021875 0.025
4 0.1359375 0.53203125 0.021875 0.3078125
4 0.14296875 0.7359375 0.0171875 0.0875
4 0.13359375 0.2828125 0.0078125 0.040625
4 0.1359375 0.39453125 0.00625 0.0328125
4 0.11015625 0.4125 0.0265625 0.1375
4 0.1046875 0.33359375 0.003125 0.0171875
4 0.09453125 0.32109375 0.0046875 0.0171875
4 0.15859375 0.29296875 0.0046875 0.0140625
4 0.175 0.21796875 0.021875 0.0453125
4 0.2296875 0.24296875 0.021875 0.1453125
4 0.19921875 0.1890625 0.0171875 0.06875
4 0.0671875 0.16484375 0.021875 0.0265625
4 0.07734375 0.19453125 0.0046875 0.0328125
4 0.0921875 0.17421875 0.00625 0.0109375
4 0.109375 0.196875 0.00625 0.028125
4 0.11640625 0.22265625 0.0046875 0.0078125
4 0.07265625 0.35625 0.0046875 0.009375
4 0.0734375 0.39765625 0.003125 0.0109375
4 0.0921875 0.37890625 0.00625 0.0609375
4 0.07734375 0.51171875 0.0046875 0.0234375
4 0.0875 0.5390625 0.00625 0.009375
4 0.08515625 0.51953125 0.0078125 0.0140625
4 0.103125 0.68984375 0.01875 0.0859375
4 0.12265625 0.72578125 0.0203125 0.0828125
4 0.08671875 0.66796875 0.0140625 0.0921875
4 0.0921875 0.7234375 0.00625 0.053125
4 0.08359375 0.5875 0.0171875 0.06875
4 0.0921875 0.21015625 0.00625 0.0140625
4 0.08671875 0.2125 0.0046875 0.009375
4 0.20625 0.6203125 0.021875 0.096875
4 0.2390625 0.5671875 0.021875 0.034375
4 0.18046875 0.5796875 0.0140625 0.01875
4 0.20859375 0.38359375 0.0265625 0.0734375
4 0.1875 0.4125 0.025 0.128125
4 0.2328125 0.78046875 0.025 0.0984375
4 0.24765625 0.79296875 0.0296875 0.1828125
4 0.25859375 0.80859375 0.0015625 0.0109375
4 0.12734375 0.6109375 0.0046875 0.009375
4 0.12578125 0.6 0.0046875 0.00625
4 0.115625 0.6078125 0.009375 0.0375
4 0.11875 0.5765625 0.00625 0.01875
4 0.11640625 0.54296875 0.0140625 0.0328125
4 0.09921875 0.54453125 0.0046875 0.0078125
4 0.1296875 0.17421875 0.009375 0.0671875
4 0.12109375 0.17890625 0.0015625 0.0265625
4 0.1296875 0.23671875 0.009375 0.0578125
4 0.3640625 0.32109375 0.009375 0.0609375
3 0.36328125 0.86796875 0.0328125 0.0390625
3 0.36328125 0.3375 0.0328125 0.09375
4 0.4640625 0.4109375 0.009375 0.03125
4 0.4015625 0.38125 0.04375 0.3875
4 0.4265625 0.31796875 0.0125 0.3078125
4 0.9734375 0.44453125 0.021875 0.3953125
4 0.8328125 0.6140625 0.0125 0.059375
4 0.8703125 0.64609375 0.009375 0.0171875
4 0.85390625 0.65390625 0.0046875 0.0140625
4 0.9046875 0.56015625 0.009375 0.0234375
4 0.90234375 0.5375 0.0078125 0.0125
4 0.94609375 0.52578125 0.0078125 0.0171875