4 0.4390625 0.6609375 0.021875 0.0875
4 0.41015625 0.71875 0.0109375 0.04375
4 0.30390625 0.63828125 0.0109375 0.1421875
4 0.29140625 0.65 0.0140625 0.0625
4 0.375 0.54453125 0.009375 0.0609375
4 0.36640625 0.74765625 0.0109375 0.0390625
4 0.3546875 0.72890625 0.00625 0.0484375
4 0.39375 0.671875 0.021875 0.040625
4 0.4578125 0.48515625 0.021875 0.0984375
4 0.44296875 0.26328125 0.0140625 0.1140625
4 0.5 0.15625 0.04375 0.3125
4 0.490625 0.79609375 0.0375 0.3265625
4 0.50859375 0.47109375 0.0171875 0.2546875
4 0.5796875 0.1 0.025 0.11875