4 0.571875 0.34453125 0.028125 0.0890625
4 0.60546875 0.2890625 0.0140625 0.04375
4 0.70546875 0.37578125 0.0203125 0.1421875
4 0.71953125 0.365625 0.0171875 0.0625
4 0.62890625 0.46484375 0.0140625 0.0609375
4 0.65078125 0.26328125 0.0140625 0.0390625
4 0.6609375 0.2828125 0.009375 0.05
4 0.61875 0.33671875 0.025 0.0421875
4 0.540625 0.51953125 0.028125 0.1015625
4 0.54140625 0.73984375 0.0234375 0.1140625
4 0.4765625 0.84296875 0.065625 0.3140625
4 0.53046875 0.20703125 0.0609375 0.3296875
4 0.4890625 0.52890625 0.034375 0.2546875
4 0.39296875 0.89453125 0.0328125 0.1203125