2 0.32265625 0.72734375 0.1421875 0.1421875
2 0.25 0.9765625 0.03125 0.040625
2 0.3890625 0.42890625 0.059375 0.1078125
2 0.51484375 0.55859375 0.0265625 0.0453125
2 0.0421875 0.8140625 0.025 0.01875
2 0.4921875 0.95078125 0.0125 0.0265625
2 0.53984375 0.91015625 0.0265625 0.0421875
2 0.428125 0.61015625 0.021875 0.0359375
2 0.321875 0.4515625 0.0375 0.053125
2 0.40546875 0.52734375 0.0140625 0.0828125
2 0.3375 0.1984375 0.16875 0.1125
2 0.034375 0.3765625 0.009375 0.0125
2 0.01640625 0.36875 0.0078125 0.015625
2 0.08671875 0.44453125 0.0109375 0.0171875
2 0.0953125 0.134375 0.025 0.01875
2 0.07265625 0.19375 0.0109375 0.015625
2 0.34375 0.54375 0.028125 0.028125
2 0.384375 0.546875 0.009375 0.01875
2 0.3796875 0.5625 0.015625 0.0125
2 0.384375 0.52109375 0.009375 0.0171875
2 0.3640625 0.5140625 0.009375 0.0125
2 0.3734375 0.5 0.009375 0.0125
2 0.36640625 0.50234375 0.0078125 0.0109375
2 0.43515625 0.91484375 0.0078125 0.0109375
2 0.44765625 0.16796875 0.0109375 0.0234375
2 0.44375 0.1921875 0.0125 0.015625
2 0.4609375 0.4125 0.0125 0.01875
2 0.4796875 0.46640625 0.009375 0.0140625
2 0.4859375 0.4890625 0.015625 0.028125
2 0.4703125 0.4515625 0.009375 0.009375
2 0.4765625 0.4421875 0.00625 0.003125
2 0.5421875 0.4875 0.0125 0.034375
2 0.52734375 0.328125 0.0046875 0.003125
2 0.51484375 0.32109375 0.0046875 0.0078125
4 0.4421875 0.1828125 0.05 0.1625
4 0.48203125 0.2984375 0.0265625 0.04375
4 0.4515625 0.425 0.090625 0.221875
4 0.46796875 0.8765625 0.1734375 0.246875
4 0.5765625 0.3890625 0.196875 0.690625
4 0.29453125 0.67734375 0.2234375 0.6421875
2 0.209375 0.44375 0.00625 0.021875
4 0.22578125 0.1625 0.0328125 0.103125
4 0.14921875 0.2140625 0.0203125 0.046875
4 0.0734375 0.6375 0.028125 0.0625
4 0.14375 0.92109375 0.034375 0.1453125
4 0.16875 0.796875 0.01875 0.059375
4 0.3671875 0.5875 0.18125 0.38125
4 0.5421875 0.7453125 0.025 0.0375
4 0.53828125 0.7875 0.0171875 0.0375
4 0.61953125 0.48046875 0.0921875 0.4296875