2 0.32734375 0.73046875 0.1390625 0.1390625
2 0.259375 0.9796875 0.03125 0.040625
2 0.38671875 0.43203125 0.0578125 0.1078125
2 0.51640625 0.55859375 0.0265625 0.0453125
2 0.04765625 0.821875 0.0265625 0.01875
2 0.50078125 0.95078125 0.0140625 0.0265625
2 0.54765625 0.90859375 0.0265625 0.0421875
2 0.4296875 0.61171875 0.021875 0.0359375
2 0.32109375 0.4546875 0.0359375 0.053125
2 0.40703125 0.52890625 0.0140625 0.0828125
2 0.33203125 0.20234375 0.1671875 0.1109375
2 0.03125 0.38515625 0.009375 0.0140625
2 0.01328125 0.37734375 0.0078125 0.0171875
2 0.08515625 0.45078125 0.0109375 0.0171875
2 0.0890625 0.14140625 0.025 0.0171875
2 0.06640625 0.20234375 0.0109375 0.0140625
2 0.34375 0.5453125 0.028125 0.028125
2 0.384375 0.5484375 0.009375 0.01875
2 0.38046875 0.5640625 0.0140625 0.0125
2 0.384375 0.52265625 0.009375 0.0171875
2 0.3640625 0.515625 0.009375 0.0125
2 0.3734375 0.5015625 0.009375 0.0125
2 0.36640625 0.50390625 0.0078125 0.0109375
2 0.44140625 0.91484375 0.0078125 0.0109375
2 0.44140625 0.16796875 0.0109375 0.0234375
2 0.43828125 0.19296875 0.0140625 0.0140625
2 0.46015625 0.41328125 0.0140625 0.0171875
2 0.478125 0.46640625 0.009375 0.0140625
2 0.48671875 0.48984375 0.0140625 0.0265625
2 0.46875 0.4515625 0.009375 0.009375
2 0.475 0.44296875 0.00625 0.0046875
2 0.5421875 0.4859375 0.0125 0.034375
2 0.52421875 0.32734375 0.0046875 0.0046875
2 0.51171875 0.32109375 0.0046875 0.0078125
4 0.43671875 0.18359375 0.0453125 0.1609375
4 0.47734375 0.2984375 0.0265625 0.04375
4 0.44921875 0.42578125 0.0859375 0.2203125
4 0.475 0.878125 0.16875 0.24375
4 0.5734375 0.3875 0.184375 0.6875
4 0.29765625 0.68046875 0.2140625 0.6390625
2 0.2078125 0.4484375 0.00625 0.021875
4 0.2203125 0.1671875 0.03125 0.103125
4 0.14453125 0.22109375 0.0203125 0.0453125
4 0.07578125 0.6453125 0.0265625 0.0625
4 0.15 0.92734375 0.03125 0.1453125
4 0.17421875 0.8015625 0.0171875 0.059375
4 0.36875 0.58984375 0.175 0.3796875
4 0.5453125 0.74453125 0.025 0.0359375
4 0.54296875 0.7859375 0.0171875 0.0375
4 0.61875 0.478125 0.084375 0.428125