2 0.33046875 0.26640625 0.1421875 0.1421875
2 0.2671875 0.01796875 0.03125 0.0359375
2 0.3859375 0.56640625 0.059375 0.1078125
2 0.51640625 0.44140625 0.0265625 0.0453125
2 0.053125 0.1703125 0.025 0.01875
2 0.5078125 0.04921875 0.0125 0.0265625
2 0.55390625 0.09296875 0.0265625 0.0421875
2 0.43125 0.38671875 0.021875 0.0359375
2 0.3203125 0.5421875 0.0375 0.053125
2 0.40703125 0.46953125 0.0140625 0.0828125
2 0.3265625 0.7953125 0.16875 0.1125
2 0.0296875 0.6078125 0.009375 0.0125
2 0.01171875 0.615625 0.0078125 0.015625
2 0.08515625 0.54296875 0.0109375 0.0171875
2 0.0828125 0.853125 0.025 0.01875
2 0.06171875 0.790625 0.0109375 0.015625
2 0.3453125 0.453125 0.028125 0.028125
2 0.3859375 0.45 0.009375 0.01875
2 0.38125 0.434375 0.015625 0.0125
2 0.3859375 0.47578125 0.009375 0.0171875
2 0.3640625 0.4828125 0.009375 0.0125
2 0.3734375 0.496875 0.009375 0.0125
2 0.36640625 0.49453125 0.0078125 0.0109375
2 0.44921875 0.08515625 0.0078125 0.0109375
2 0.43671875 0.83203125 0.0109375 0.0234375
2 0.4328125 0.8078125 0.0125 0.015625
2 0.4578125 0.5875 0.0125 0.01875
2 0.478125 0.53359375 0.009375 0.0140625
2 0.4859375 0.5109375 0.015625 0.028125
2 0.46875 0.5484375 0.009375 0.009375
2 0.475 0.5578125 0.00625 0.003125
2 0.5421875 0.515625 0.0125 0.034375
2 0.52109375 0.675 0.0046875 0.003125
2 0.50859375 0.67890625 0.0046875 0.0078125
4 0.43125 0.815625 0.05 0.1625
4 0.47421875 0.7015625 0.0265625 0.04375
4 0.4484375 0.5734375 0.090625 0.221875
4 0.48046875 0.12265625 0.1734375 0.2453125
4 0.571875 0.615625 0.196875 0.690625
4 0.29921875 0.31796875 0.2234375 0.6359375
2 0.2078125 0.546875 0.00625 0.021875
4 0.21484375 0.828125 0.0328125 0.103125
4 0.13984375 0.7734375 0.0203125 0.046875
4 0.078125 0.3484375 0.028125 0.0625
4 0.1578125 0.06953125 0.034375 0.1390625
4 0.1796875 0.19375 0.01875 0.059375
4 0.3703125 0.409375 0.18125 0.38125
4 0.55 0.2578125 0.025 0.0375
4 0.54765625 0.215625 0.0171875 0.0375
4 0.61796875 0.52421875 0.0921875 0.4296875