4 0.1328125 0.3984375 0.015625 0.090625
4 0.22265625 0.33515625 0.0453125 0.3421875
4 0.35 0.3296875 0.0125 0.025
4 0.31328125 0.46484375 0.0203125 0.0765625
4 0.33515625 0.44140625 0.0421875 0.1640625
3 0.1234375 0.903125 0.08125 0.046875
3 0.2265625 0.909375 0.059375 0.046875
4 0.0265625 0.8375 0.053125 0.15
4 0.94765625 0.934375 0.0265625 0.0625
4 0.8609375 0.89296875 0.025 0.0203125
4 0.865625 0.8421875 0.034375 0.025
4 0.50546875 0.88203125 0.0203125 0.0421875
4 0.55078125 0.86875 0.0359375 0.025
4 0.64921875 0.87421875 0.0390625 0.0171875
4 0.53359375 0.84765625 0.0390625 0.0265625
4 0.55703125 0.81875 0.0265625 0.040625
4 0.55390625 0.9015625 0.0171875 0.01875
4 0.63125 0.89609375 0.015625 0.0265625
4 0.48671875 0.6671875 0.0359375 0.05
4 0.490625 0.88046875 0.015625 0.0265625
4 0.9609375 0.47421875 0.034375 0.1578125
4 0.9703125 0.71484375 0.021875 0.0234375
4 0.746875 0.47265625 0.03125 0.0953125
4 0.8390625 0.553125 0.05625 0.209375
3 0.03046875 0.4078125 0.0265625 0.04375