4 0.68828125 0.67421875 0.0796875 0.0765625
4 0.4921875 0.43828125 0.084375 0.0484375
4 0.409375 0.4078125 0.040625 0.05
4 0.59765625 0.2609375 0.0703125 0.09375
4 0.4890625 0.23984375 0.0875 0.0921875
4 0.309375 0.1671875 0.065625 0.090625
4 0.3890625 0.17890625 0.103125 0.1515625
4 0.1421875 0.2875 0.071875 0.128125
4 0.20234375 0.378125 0.0359375 0.065625
4 0.2671875 0.4015625 0.053125 0.053125
4 0.29453125 0.51015625 0.0453125 0.0734375
4 0.73515625 0.08984375 0.0484375 0.0640625
4 0.90546875 0.4046875 0.1859375 0.625
4 0.0765625 0.07109375 0.040625 0.0578125
4 0.50390625 0.73984375 0.0515625 0.0734375