4 0.325 0.3140625 0.084375 0.08125
4 0.50546875 0.5625 0.0859375 0.053125
4 0.58515625 0.5984375 0.0421875 0.053125
4 0.38671875 0.7328125 0.0765625 0.096875
4 0.49296875 0.7609375 0.0921875 0.096875
4 0.6671875 0.846875 0.071875 0.09375
4 0.58828125 0.828125 0.1109375 0.15625
4 0.84296875 0.7375 0.0796875 0.13125
4 0.78984375 0.64296875 0.0390625 0.0671875
4 0.725 0.615625 0.05625 0.05625
4 0.70625 0.5046875 0.05 0.075
4 0.2375 0.89375 0.053125 0.065625
4 0.1015625 0.565625 0.203125 0.625
4 0.89375 0.95859375 0.04375 0.0609375
4 0.5140625 0.26171875 0.05625 0.0765625