4 0.70859375 0.35078125 0.0734375 0.0703125
4 0.48359375 0.56015625 0.0796875 0.0390625
4 0.39921875 0.58125 0.0359375 0.046875
4 0.56796875 0.75 0.0609375 0.0875
4 0.4578125 0.75703125 0.078125 0.0828125
4 0.2703125 0.8078125 0.05625 0.084375
4 0.35078125 0.80546875 0.0859375 0.1421875
4 0.11796875 0.66875 0.0578125 0.121875
4 0.1890625 0.58515625 0.028125 0.0640625
4 0.25703125 0.56953125 0.0484375 0.0484375
4 0.29765625 0.465625 0.0390625 0.06875
4 0.68359375 0.9359375 0.0421875 0.059375
4 0.88984375 0.64375 0.1109375 0.615625
4 0.0265625 0.87421875 0.034375 0.0546875
4 0.5328125 0.2625 0.04375 0.06875